{
  "codes": [
    "P_사회적 AI 확산",
    "P_AI 사용 적발 사례",
    "P_학생 AI 사용",
    "P_AI 사용 판별 곤란성",
    "P_AI 활용 효과",
    "I_AI 활용 역량",
    "I_제도의 미비",
    "I_평가의 타당성·공정성",
    "I_남용과 의존",
    "I_사고·탐구 역량",
    "I_교육적 유용성",
    "I_금지∙제한의 한계",
    "I_AI 신뢰성",
    "D_주의와 지도",
    "D_단순 허용",
    "D_엄격 통제",
    "D_적극적 도입",
    "D_활용 영역 분리",
    "D_평가 준거 재구성"
  ],
  "dims": [
    "P",
    "P",
    "P",
    "P",
    "P",
    "I",
    "I",
    "I",
    "I",
    "I",
    "I",
    "I",
    "I",
    "D",
    "D",
    "D",
    "D",
    "D",
    "D"
  ],
  "matrix": [
    [
      1.0,
      0.334497,
      0.087039,
      0.150756,
      0.0,
      0.585369,
      0.452267,
      0.334497,
      0.161165,
      0.394771,
      0.565825,
      0.301511,
      0.348155,
      0.369274,
      0.0,
      0.201008,
      0.426401,
      0.190693,
      0.0
    ],
    [
      0.334497,
      1.0,
      0.080064,
      0.0,
      0.160128,
      0.307692,
      0.416025,
      0.461538,
      0.44475,
      0.544705,
      0.40482,
      0.3698,
      0.320256,
      0.339683,
      0.104828,
      0.5547,
      0.098058,
      0.438529,
      0.0
    ],
    [
      0.087039,
      0.080064,
      1.0,
      0.144338,
      0.333333,
      0.240192,
      0.0,
      0.240192,
      0.46291,
      0.377964,
      0.42135,
      0.19245,
      0.0,
      0.0,
      0.654654,
      0.19245,
      0.306186,
      0.182574,
      0.408248
    ],
    [
      0.150756,
      0.0,
      0.144338,
      1.0,
      0.0,
      0.138675,
      0.25,
      0.138675,
      0.267261,
      0.327327,
      0.417029,
      0.5,
      0.0,
      0.612372,
      0.0,
      0.0,
      0.353553,
      0.158114,
      0.0
    ],
    [
      0.0,
      0.160128,
      0.333333,
      0.0,
      1.0,
      0.0,
      0.0,
      0.0,
      0.308607,
      0.125988,
      0.361158,
      0.19245,
      0.0,
      0.0,
      0.218218,
      0.19245,
      0.204124,
      0.0,
      0.0
    ],
    [
      0.585369,
      0.307692,
      0.240192,
      0.138675,
      0.0,
      1.0,
      0.416025,
      0.384615,
      0.14825,
      0.363137,
      0.40482,
      0.3698,
      0.0,
      0.452911,
      0.209657,
      0.09245,
      0.294174,
      0.175412,
      0.196116
    ],
    [
      0.452267,
      0.416025,
      0.0,
      0.25,
      0.0,
      0.416025,
      1.0,
      0.138675,
      0.133631,
      0.218218,
      0.312772,
      0.333333,
      0.288675,
      0.612372,
      0.0,
      0.0,
      0.0,
      0.316228,
      0.0
    ],
    [
      0.334497,
      0.461538,
      0.240192,
      0.138675,
      0.0,
      0.384615,
      0.138675,
      1.0,
      0.370625,
      0.605228,
      0.40482,
      0.1849,
      0.0,
      0.226455,
      0.209657,
      0.3698,
      0.196116,
      0.438529,
      0.392232
    ],
    [
      0.161165,
      0.44475,
      0.46291,
      0.267261,
      0.308607,
      0.14825,
      0.133631,
      0.370625,
      1.0,
      0.583212,
      0.557278,
      0.356348,
      0.154303,
      0.327327,
      0.404061,
      0.445435,
      0.188982,
      0.422577,
      0.188982
    ],
    [
      0.394771,
      0.544705,
      0.377964,
      0.327327,
      0.125988,
      0.363137,
      0.218218,
      0.605228,
      0.583212,
      1.0,
      0.682524,
      0.436436,
      0.0,
      0.267261,
      0.247436,
      0.581914,
      0.385758,
      0.552052,
      0.154303
    ],
    [
      0.565825,
      0.40482,
      0.42135,
      0.417029,
      0.361158,
      0.40482,
      0.312772,
      0.40482,
      0.557278,
      0.682524,
      1.0,
      0.556038,
      0.361158,
      0.340503,
      0.236433,
      0.417029,
      0.516047,
      0.527504,
      0.147442
    ],
    [
      0.301511,
      0.3698,
      0.19245,
      0.5,
      0.19245,
      0.3698,
      0.333333,
      0.1849,
      0.356348,
      0.436436,
      0.556038,
      1.0,
      0.3849,
      0.272166,
      0.125988,
      0.333333,
      0.117851,
      0.316228,
      0.0
    ],
    [
      0.348155,
      0.320256,
      0.0,
      0.0,
      0.0,
      0.0,
      0.288675,
      0.0,
      0.154303,
      0.0,
      0.361158,
      0.3849,
      1.0,
      0.0,
      0.0,
      0.19245,
      0.0,
      0.365148,
      0.0
    ],
    [
      0.369274,
      0.339683,
      0.0,
      0.612372,
      0.0,
      0.452911,
      0.612372,
      0.226455,
      0.327327,
      0.267261,
      0.340503,
      0.272166,
      0.0,
      1.0,
      0.0,
      0.0,
      0.144338,
      0.129099,
      0.0
    ],
    [
      0.0,
      0.104828,
      0.654654,
      0.0,
      0.218218,
      0.209657,
      0.0,
      0.209657,
      0.404061,
      0.247436,
      0.236433,
      0.125988,
      0.0,
      0.0,
      1.0,
      0.251976,
      0.0,
      0.0,
      0.0
    ],
    [
      0.201008,
      0.5547,
      0.19245,
      0.0,
      0.19245,
      0.09245,
      0.0,
      0.3698,
      0.445435,
      0.581914,
      0.417029,
      0.333333,
      0.19245,
      0.0,
      0.251976,
      1.0,
      0.117851,
      0.105409,
      0.0
    ],
    [
      0.426401,
      0.098058,
      0.306186,
      0.353553,
      0.204124,
      0.294174,
      0.0,
      0.196116,
      0.188982,
      0.385758,
      0.516047,
      0.117851,
      0.0,
      0.144338,
      0.0,
      0.117851,
      1.0,
      0.111803,
      0.0
    ],
    [
      0.190693,
      0.438529,
      0.182574,
      0.158114,
      0.0,
      0.175412,
      0.316228,
      0.438529,
      0.422577,
      0.552052,
      0.527504,
      0.316228,
      0.365148,
      0.129099,
      0.0,
      0.105409,
      0.111803,
      1.0,
      0.223607
    ],
    [
      0.0,
      0.0,
      0.408248,
      0.0,
      0.0,
      0.196116,
      0.0,
      0.392232,
      0.188982,
      0.154303,
      0.147442,
      0.0,
      0.0,
      0.0,
      0.0,
      0.0,
      0.0,
      0.223607,
      1.0
    ]
  ],
  "n_teachers": 35,
  "n_codes": 19
}